Degree Centrality
[0.9921172248803828, 0.8932490886306675, 0.8441660590871116, 0.9373690662851181, 0.8507962801055919, 0.826271014862108]

MCDWE Score
[0.9555263157894737, 0.9028919457735247, 1.1085668527379051, 1.194348982920207, 1.3356073813295781, 1.2168104116622425]

Page Rank
[0.7555263157894737, 0.8839157552973341, 0.7148605035315563, 0.6920860827768722, 0.814258551167863, 0.7270011735922668]

K-truss
[1.5635604395604394, 1.4076683776749568, 1.688672385136541, 1.5408753205984376, 1.5836057813886233, 1.5125671821905649]
	
Borda count
[1.1071172248803827, 0.9809157552973342, 0.9840611591561246, 0.9009908611569127, 0.854641173774015, 1.0486814244298068]