Degree Centrality
[1.40709043888,1.24913448117,1.23670383629,1.46806247015,1.3738258997,1.37998768836,]

MCDWE Score
[1.33566196972,1.36889274457,1.63836472523,1.76505583065,1.92819599386,1.82742195493]

Page Rank Centrality
[1.07658312196,1.2290898623,1.07537260001,1.1301583576,1.32338188047,1.21631219562]

K-truss
[2.516853656646678, 2.1220352432849214, 2.423175328872327, 2.269124323188423, 2.345708041003448, 2.3200127641455954]

Broda-count
[1.5545904388777374, 1.5345357246333011, 1.524526655744268, 1.4530047603688268, 1.4559958047142543, 1.6956967894550936]