4970411
428333
1652541
6017542
7489012
5988062
10230
742143
17004618
10228272
46744791
16935292
201712702
14293310
18424289
83590349
11316572
3419141
19541556
608583
18217117
29979814
260655847
247963674
24670390
24725418
788524
26792275
9624742
9576102
778057
22240612
1921671
176797045
21481343
21406106
24136198
14361155
262299947
25529018
47438401
23079148
15253239
24265090
612473
24797315
103367962
794808
55896553
80669530
148653311
36637698
85371918
14346260
218657077
16799023
16664681
243858678
51061750
187521363
48733616
13451922
1877831
43835707
14496918
55312035
18725815
14250699
21589783
17344272
246699466
122928586
24382468
130238301
1994321
43694024
17316885
62481902
239152755
11805932
10080132
18432855
97534492
211848704
17060020
111352166
14749971
68768482
59108543
42195649
67746750
18086309
16624525
30086649
174329465
243605569
14834340
23055689
14427603
34268058
17872080
42196320
66591836
3416681
14246001
14138785
19409079
14879732
240637956
46076929
25049177
155101520
16434823
90776755
94989844
28260086
25049056
18843966
14569869
5697482
235891694
44577798
26048553
251913996
59503113
36036569
238436945
192477353
166489073
243343597
10870872
220426702
251009806
74769064
199125370
52755452
40320930
257179019
15762575
250578905
18559380
21881398
172838797
18014005
80473367
25849873
14897936
37867889
237256137
20801977
89663070
77212840
30825667
17160680
225722175
14513512
1140451
15905231
53193168
160241261
45510215
46991048
2614131
15462819
261364499
200185878
8098562
37501003
173802536
14740408
38843285
217078361
242849343
45192838
237171927
18594226
17672825
562363
14545151
76379893
253491265
15474024
36731269
181341385
29409786
43035186
255401686
15503210
101892555
54001505
255007571
238169051
201866098
243948513
232581487
98876504
29710653
257268321
25584105
18653935
198848442
49403072
19511514
