14368903
7489012
10230
187461322
235718672
19541556
18217117
260655847
24725418
608583
251469950
11316572
3419141
176797045
796074
169868341
25529018
21406106
16478335
1924421
23588075
130273505
103367962
80669530
16935292
81871859
105537454
9576102
243858678
85371918
247963674
43835707
244250747
21481343
101677248
18650093
128308837
48733616
187521363
1921671
148653311
246699466
16281428
34382731
24670390
223341335
19912781
122928586
43694024
14496918
6392972
24136198
14346260
29979814
14359717
67746750
42195649
11805932
97534492
17344272
47438401
231407577
243605569
130238301
55312035
10080132
778057
23227841
51061750
16931360
24265090
24382468
44594239
73052821
111352166
4970411
14749971
62481902
46744791
21589783
260813887
30086649
15810854
243076528
183321820
18432855
262299947
59108543
18833257
155101520
39059828
14879732
34268058
90776755
19446041
16624525
14250699
14427603
24377236
17060020
259501917
17243582
1652541
18086309
133929829
201712702
242793870
16434823
30233484
26792275
144715033
240637956
23079148
243092371
28260086
218657077
18267544
44577798
40198892
242829211
17004618
211848704
174329465
54577514
55896553
15253239
36637698
36036569
235891694
26048553
83590349
251913996
68768482
18843966
5697482
94989844
17316885
251009806
3416681
63693027
74769064
74175669
6017542
41188303
794808
28751191
199125370
48357731
235670161
26847104
218546656
35774727
161736964
243328576
250578905
200185878
100782551
21881398
18494807
101999402
97293718
13451922
77212840
89663070
14785459
229046581
18424289
627893
20530938
242689541
10870872
742143
37867889
28089205
45510215
55574001
134788310
165972024
249548017
14897936
220426702
17744816
14368483
96587405
67305394
5988062
131840144
33948475
93907890
167352466
15898695
42519327
56211587
59503113
257179019
9164892
14545151
249644051
132169248
203533542
115632774
234306714
40320930
247191345
166489073
15968617
17160680
53942940
17373169
14104401
128369287
53493502
132920571
7707062
2614131
44148094
74988965
17872080
249182101
20801977
8098562
61151216
5858532
154887663
133312669
161383525
30588309
8136412
22240612
160241261
562363
41347278
172838797
22741371
93039681
223593649
18725815
40701142
24797315
11456652
24854064
14746659
190261453
165492470
181039052
258061182
135468327
