14368903
7489012
10230
187461322
235718672
19541556
18217117
260655847
24725418
608583
251469950
11316572
3419141
176797045
796074
169868341
25529018
21406106
16478335
1924421
23588075
130273505
103367962
80669530
16935292
81871859
105537454
9576102
243858678
85371918
247963674
43835707
244250747
21481343
101677248
18650093
128308837
48733616
187521363
1921671
148653311
246699466
16281428
34382731
24670390
223341335
19912781
122928586
43694024
14496918
6392972
24136198
14346260
29979814
14359717
67746750
42195649
11805932
97534492
17344272
47438401
231407577
243605569
130238301
55312035
10080132
778057
23227841
51061750
16931360
24265090
24382468
44594239
73052821
111352166
4970411
14749971
62481902
46744791
21589783
260813887
30086649
15810854
243076528
183321820
18432855
262299947
59108543
18833257
155101520
39059828
14879732
34268058
90776755
19446041
16624525
14250699
14427603
