210824047
246206665
192477353
243844542
78344217
102766650
18641106
14440214
16132719
243343597
83465789
16181688
50645038
198581973
227934231
253087503
244257936
14052001
17631141
146069752
38821112
247196798
243180168
65787481
60900826
125353906
255164348
90462709
41617769
148046318
139332358
82472632
15096750
38560234
73938917
226036249
49094522
109264165
48827911
42125835
125911617
142692679
108349510
46157401
21661212
99719262
19135435
22060415
44338977
120126039
20420492
243327824
70205405
14392205
210206926
190174536
15136150
127178067
116888570
244342578
239731919
250614946
53828504
78281329
47107186
194546503
200151459
36819950
19396614
102904616
253963590
8370582
249788322
196562484
225713904
231587086
241035060
209164683
58221157
15058484
15991596
173179429
18536104
220222353
38843285
136705674
87768401
17019081
59048645
18577850
137490896
23746826
16683885
254196631
100969180
250841084
50771505
177966684
