210824047
246206665
192477353
243844542
78344217
102766650
18641106
14440214
16132719
83465789
16181688
50645038
198581973
227934231
253087503
244257936
14052001
17631141
146069752
38821112
247196798
243180168
65787481
60900826
125353906
255164348
90462709
41617769
148046318
139332358
82472632
15096750
38560234
73938917
226036249
49094522
109264165
48827911
42125835
125911617
142692679
108349510
46157401
21661212
99719262
19135435
22060415
44338977
120126039
20420492
243327824
70205405
14392205
210206926
190174536
15136150
127178067
116888570
244342578
239731919
250614946
53828504
78281329
47107186
194546503
200151459
36819950
19396614
102904616
253963590
8370582
249788322
196562484
225713904
231587086
241035060
209164683
58221157
15058484
15991596
173179429
18536104
220222353
38843285
136705674
87768401
17019081
59048645
18577850
137490896
23746826
16683885
254196631
100969180
250841084
50771505
177966684
209317931
40094614
87264877
214060210
102231435
220175997
248142392
172289821
170231529
203703211
22371493
119010950
255815949
141624137
67629556
2168011
147208872
202499391
162260269
63669211
238987083
40868801
116014884
18529435
28099506
75090445
16665138
11456152
42287571
52788477
17787911
90314159
15728148
152051108
97958540
48355061
49197819
25886872
59282263
58219570
248914692
255835229
17480364
81804924
250241255
42957585
116019275
25399436
50524654
39712396
74993207
37764670
25957838
220864072
180396353
248339507
153896754
244937102
30257023
63635269
18503389
100499412
250338245
244635255
52188921
180435088
93406482
133799064
17313463
97666260
80621202
20155623
