4970411
428333
1652541
6017542
5988062
742143
17004618
14293310
10228272
18424289
46744791
201712702
83590349
16935292
29979814
788524
26792275
3419141
22240612
9624742
247963674
24670390
11316572
778057
14361155
9576102
262299947
1921671
24136198
612473
21481343
23079148
24797315
608583
7489012
47438401
15253239
24265090
794808
55896553
16799023
16664681
36637698
218657077
1877831
1994321
13451922
18725815
21406106
239152755
51061750
14346260
148653311
10230
14250699
21589783
14834340
151896824
55312035
176797045
211848704
17316885
23055689
14246001
17060020
14138785
66591836
19409079
42196320
24382468
25049177
14496918
68768482
126315440
62481902
25529018
174329465
17344272
46076929
18432855
25049056
14569869
5971922
238436945
17872080
35767916
130238301
20562637
85371918
16624525
18086309
187521363
59108543
18856867
3416681
31343924
192477353
14749971
24120870
48733616
10080132
15762575
111352166
233626739
22411875
97232128
14427603
2797701
20814363
237256137
30086649
52755452
122928586
11805932
261364499
94989844
773944
14634720
97534492
15862891
34268058
19541556
166489073
15905231
1140451
37177454
24725418
30825667
18189723
37501003
10870872
231472282
80669530
80473367
16434823
45192838
243858678
28260086
40320930
18014005
43694024
18559380
59503113
16041234
18843966
125473561
235891694
14513512
88441571
172838797
54308395
25849873
240637956
15462819
220426702
246699466
43864636
225722175
137083758
243343597
14434011
5697482
253491265
257179019
26048553
173802536
38843285
251009806
217078361
103367962
90776755
251913996
20759034
14897936
252846137
18594226
44577798
23588075
17160680
155101520
243605569
42195649
242849343
46991048
14740408
67746750
53193168
74769064
224394529
20801977
89663070
260655847
25067168
53223847
14465607
28140646
15896379
36036569
2614131
15503210
14879732
199125370
15474024
23227841
43035186
251469950
76379893
160241261
232581487
17672825
29409786
138943106
37867889
250578905
18142375
43835707
15968617
8098562
562363
19592466
37759047
21881398
238169051
73052821
36731269
98876504
18217117
80580733
17568791
75033178
84279825
49658852
16067592
237171927
59048645
77212840
45510215
54001505
181341385
9201822
74446328
24928825
78626346
255007571
259501917
100782551
201866098
133425731
40609532
74175669
16157855
21303464
193699640
30233484
169868341
44594239
101892555
9510892
20958510
222471144
245696038
17744816
820694
44148094
20974548
246621592
135468327
132306718
44823213
15898695
255401686
91416107
24849387
243948513
18331782
171569791
89441010
17904983
627893
260813887
53493502
18587171
14545151
29707417
25584105
29710653
250198844
41188303
13842992
254045815
47105669
21344248
121851621
18762347
200185878
26085021
26847104
109417568
35787985
198848442
27156793
93907890
18713552
101702059
14096763
21866939
16463922
18653935
224503326
16090877
47101500
19360470
15699801
257268321
9055752
24741685
208603131
22168877
45796503
110579028
65466158
15723281
20578408
18494807
15876845
111010317
89667490
24876773
48629134
17907761
16127669
251577927
9692022
57138955
99277962
235670161
245956466
9667812
18064767
49403072
180435088
74988965
206481903
18567018
75712842
132920571
47379354
181039052
19791234
154887663
112186897
14099695
17258834
75797367
30292156
112769649
226640681
11456652
17730295
218546656
22587869
236297113
50011708
19511514
14700316
262437395
3249
175109934
14107559
93293716
18117362
246701967
14609388
18594407
19505248
86377104
244408167
60122066
15617140
105221257
112165148
254510335
14440214
20530938
250936534
197848744
33948475
59721663
51964801
192547775
37980098
229129507
50851706
242793870
25080738
96587405
9164892
244191468
28068719
38475547
15195837
14799724
233119117
16895148
10081072
36677403
56047798
18979423
18858050
18480751
244606156
49388980
7707062
15347773
70906442
30588309
97107668
109976753
104771512
132567722
245872095
30944245
36104673
39609732
244942533
20682821
17325149
19725276
73618875
84014340
34006192
21599056
242069380
14809696
246888777
14216661
39434512
88916337
80711067
246062507
119933418
137538421
113902893
77731518
19906816
18156966
14690176
125207364
92621563
111228756
14926475
119714092
8136412
18919233
238341719
247755350
250674460
27938809
216097719
20733757
26996062
75630518
15235032
260850340
242331723
21802221
148501881
184725734
40777562
14368903
190248190
21062787
28089205
37951988
61127420
46584707
240716637
18431625
243579928
26968991
22742653
40701142
244257936
42519327
18641106
119010950
14699241
247204191
222227916
34033504
255422228
41013703
23367304
18935802
31936644
5743162
77790954
111001849
17801749
27308256
