4970411
1652541
428333
6017542
5988062
742143
17004618
14293310
18424289
10228272
46744791
83590349
201712702
16935292
788524
29979814
22240612
26792275
3419141
9624742
247963674
778057
11316572
24670390
2097571
9576102
1921671
262299947
14361155
17243582
608583
23079148
24136198
24797315
612473
7489012
87416722
21481343
24265090
16799023
47438401
15253239
794808
36637698
16664681
18650093
55896553
1877831
13451922
218657077
239152755
18725815
148711787
1994321
14437914
21406106
51061750
79797834
148653311
14346260
40198892
14517000
225663702
18267544
18833257
21589783
14669951
14834340
72552866
55312035
211848704
42196320
14246001
14250699
66591836
176797045
25049177
10230
23055689
19912781
14138785
19489239
19409079
238845761
17060020
14401607
6392972
4641021
128308837
1924421
14569869
31127446
17316885
174329465
5971922
14496918
46076929
238436945
20562637
253632605
183321820
24382468
18728732
62481902
14321959
796074
25049056
35767916
18856867
97232128
3416681
25529018
130238301
33276161
85371918
237256137
17344272
2797701
15762575
68768482
22411875
122448174
76945884
14359717
17872080
261364499
18432855
140070953
16624525
14634720
27482327
192477353
16041234
15905231
15862891
37501003
19064010
67305394
1140451
125473561
16683014
15368940
17179713
18189723
45192838
88441571
59108543
20791292
14749971
10080132
18014005
235891694
165972024
52755452
115754870
48357731
187521363
28260086
10870872
773944
253491265
40320930
18086309
235718672
94989844
80669530
48733616
18559380
14434011
16434823
159827281
15462819
133929829
251009806
238911107
14897936
20759034
14427603
61151216
43864636
30825667
198581973
111352166
20120818
243343597
81871859
130273505
28751191
172838797
90776755
38843285
49468514
89663070
3655491
97534492
231407577
80473367
14513512
11805932
166489073
122928586
30086649
173802536
53223847
17160680
43694024
24725418
14465607
131137515
74769064
16281428
244529400
80580733
10196452
14740408
19446041
2614131
18843966
562363
18594226
15503210
25067168
220426702
83820677
34268058
155101520
75033178
257179019
59503113
44942611
74446328
15896379
19541556
76379893
98876504
243858678
16067592
17672825
17094311
25048816
18142375
9201822
28140646
37759047
67746750
8098562
238169051
17568791
9378802
25849873
24928825
43035186
222471144
103367962
21776552
43835707
84279825
74175669
627893
9510892
232581487
820694
34382731
78626346
5697482
44577798
42195649
18217117
16157855
245696038
5426712
26048553
39059828
187461322
240637956
53942940
15474024
45510215
246699466
25014406
21344248
217078361
89441010
225722175
44823213
18331782
231520543
13842992
160241261
27156793
255007571
249644051
242849343
9055752
53193168
47101500
45796503
15699801
17373169
17904983
20097381
35787985
260655847
24854064
18587171
101892555
19360470
65788276
26085021
16090877
29409786
15723281
36731269
20958510
21303464
17258834
28339843
110579028
15876845
251913996
20578408
14096763
65466158
54001505
247212106
9692022
63693027
73651314
252304755
89667490
137480382
18713552
48629134
37867889
46991048
250578905
17730295
243605569
237171927
243948513
201866098
245956466
47105669
91416107
21866939
74988965
18064767
19791234
33994488
75797367
47379354
93637575
21881398
60122066
14545151
77212840
35002876
197848744
15617140
199125370
192547775
257268321
25080738
255401686
14099695
11456652
23934422
36036569
24876773
198848442
3249
115632774
38475547
45860457
6176772
5858532
15810854
20801977
18117362
25584105
244191468
70906442
200185878
56047798
237742285
39609732
104771512
18567018
181341385
242069380
15195837
14879732
88916337
69971262
33388399
250936534
22587869
14609388
111228756
18480751
254510335
22234861
18739458
175109934
23588075
33948475
37980098
132567722
167352466
124203870
236297113
254045815
18653935
20530938
49658852
251469950
29710653
109012646
34006192
229129507
154887663
49946953
128369287
109976753
19725276
100782551
16127669
30233484
169868341
49403072
260813887
59048645
16946047
75630518
232562228
75712842
102142168
44594239
184725734
14216661
50011708
24377236
21802221
15968617
21540725
243076528
246062507
84014340
247204191
132169248
18156966
14699241
244250747
133425731
14926475
10107122
27938809
250198844
5743162
14407142
16542687
51964801
17801749
50851706
28089205
119933418
21442035
246621592
90346365
20733757
23227841
203268081
17744816
1002351
246701967
111010317
63193629
19505248
40609532
16478335
36104673
24741685
39434512
18762347
51478771
19511514
53493502
14368903
9164892
193699640
132306718
187136543
14104401
224503326
52532503
18919233
24849387
41188303
73052821
17709178
