4970411
1652541
6017542
428333
742143
5988062
17004618
201712702
46744791
83590349
16935292
18424289
14293310
29979814
24670390
11316572
3419141
10228272
247963674
788524
778057
26792275
22240612
9624742
21481343
9576102
1921671
24136198
15253239
14361155
251577927
57138955
23079148
86377104
105221257
608583
7489012
247755350
29417803
262299947
55896553
15193908
18498881
24265090
251787146
174955102
47438401
226156771
24797315
21557167
206333044
794808
218657077
118054748
18455787
60058798
36637698
21406106
45418377
16799023
16078358
39712827
612473
126997074
235258290
18218567
156606695
18102172
18725815
10230
13451922
84001426
111930747
14346260
243962282
82294968
14250699
62762845
90913023
130151761
208313551
29473766
51061750
184305246
42616954
17316885
247231992
16664681
222886150
243387520
17350159
1877831
176797045
148653311
55312035
19349934
21589783
68768482
24183075
141000682
18432855
88152333
24938690
50977070
40042426
239152755
18086309
244926797
59151681
187521363
237445071
14950815
1994321
24382468
15716541
137278310
25529018
17344272
23495007
30423511
250338245
167395884
17872080
111352166
160341586
69705427
258561728
211848704
246552216
42317543
47338049
62481902
59108543
30086649
48733616
16624525
14496918
37351141
23055689
137418500
17060020
21183878
14749971
34268058
122928586
19541556
215696590
137935336
11805932
183659202
85371918
97534492
19409079
67114675
243858678
240637956
198180785
14427603
157776410
24725418
130238301
23588075
23227841
10080132
174329465
217594982
251913996
27742131
225722175
196994616
246699466
14834340
18843966
244697826
166489073
20801977
243605569
251469950
36808182
26048553
5697482
14879732
192477353
46991048
73052821
36036569
74368000
212207495
25849873
94989844
117883563
47295213
131232058
14986045
43694024
15968617
46076929
25049056
259501917
132920571
199125370
48557413
42175779
19238120
253172014
26847104
44148094
45320017
260655847
110191875
44577798
42195649
235670161
14513512
103367962
59503113
59048645
93293716
80473367
193699640
3416681
40609532
257179019
53193168
37867889
20974548
93907890
133425731
242793870
42196320
29707417
15898695
21881398
238436945
100782551
255432419
250578905
135468327
44594239
206117585
242849343
169868341
217078361
119595002
18494807
29409786
17744816
109417568
171569791
30233484
52755452
132306718
16463922
218613326
227934231
181341385
220426702
208603131
10870872
246621592
29747492
77212840
181039052
229061932
246789825
59721663
14138785
237171927
53493502
220463913
172838797
30825667
233119117
15154731
24849387
67746750
160241261
41188303
17907761
15474024
112186897
160388141
250833448
97107668
7707062
252382561
101702059
252337985
171470035
223959007
80669530
260813887
14440214
155101520
250198844
18762347
16434823
173802536
112165148
36731269
14799724
262437395
14246001
30292156
54001505
40320930
28260086
30588309
232581487
218546656
180435088
201866098
135809629
224503326
148501881
18559380
21599056
18594226
49388980
15762575
190248190
90776755
21858644
224550611
18641106
152323906
254045815
14531629
255401686
8098562
43035186
242504661
57913367
9667812
206481903
76379893
243343597
125970114
66591836
112769649
113902893
244942533
20412122
15347773
14107559
35139868
20998623
45192838
62897660
252218671
56349958
26733196
220793015
26996062
22742653
14740408
202702972
16010284
245872095
235891694
250674460
18014005
259218578
111010317
15905231
25584105
42519327
23353407
14700316
29710653
133312669
17160680
251009806
14569869
190261453
180439949
18217117
16895148
244408167
17325149
245810050
18594407
25049177
255007571
1140451
22741371
8136412
32297566
18653935
43835707
226640681
242829211
193507878
74769064
242851044
17672825
38843285
15797540
216186853
101692231
243579928
101892555
49023275
18858050
261364499
45510215
26968991
237256137
129914497
260850340
41347278
119180542
135267339
37668594
41013703
232972471
246888777
193066729
2614131
266929558
45307981
14897936
14545151
239115067
229046581
40701142
15503210
162929666
89663070
13894992
198848442
200185878
250996070
243948513
101246990
54937119
14809696
244606156
10081072
252142117
19906816
149294112
63707274
138091258
222227916
40777562
161225726
37501003
19110628
234767230
98876504
241354318
16520056
49403072
73618875
15462819
14690176
236837404
19511514
234003516
255322103
61127420
119010950
220595980
253624388
47634109
190438688
37842504
36677403
18979423
59817390
246701967
210925586
92621563
562363
246614123
84903772
153225560
234505253
257268321
54308395
119714092
233115798
266037029
43464884
203613651
263469198
19510089
9164892
50851706
47425269
35469930
28068719
253491265
46176421
255422228
238169051
49256091
125218969
22661834
