428333
1652541
4970411
6017542
5988062
10228272
742143
14293310
17004618
18424289
46744791
16935292
83590349
201712702
788524
9624742
26792275
29979814
22240612
2097571
247963674
3419141
14361155
262299947
778057
612473
87416722
11316572
24670390
79797834
9576102
1921671
24797315
16664681
17243582
47438401
24136198
148711787
23079148
794808
608583
21481343
16799023
7489012
1877831
24265090
14437914
4641021
15253239
36637698
225663702
1994321
18650093
14669951
140070953
35767916
239152755
72552866
218657077
13451922
18725815
55896553
14834340
5971922
20562637
66591836
14246001
21406106
25049177
14138785
148653311
18856867
51061750
14321959
14517000
19489239
14569869
40198892
14346260
18267544
773944
31127446
23055689
33276161
18833257
128308837
42196320
22411875
211848704
14401607
19912781
15862891
21589783
14634720
25049056
19409079
14250699
17060020
238436945
55312035
6392972
10230
17316885
176797045
238845761
2797701
174329465
97232128
46076929
253632605
15762575
14496918
1924421
18728732
18189723
24382468
122448174
43864636
130238301
16683014
183321820
28140646
62481902
49658852
237256137
16041234
15368940
796074
261364499
68768482
15896379
115754870
17344272
25529018
1140451
17872080
125473561
3416681
14465607
37501003
192477353
85371918
76945884
52755452
27482327
88441571
25048816
15462819
20791292
10080132
20120818
18559380
15905231
20759034
18142375
14434011
14359717
30825667
16624525
67305394
59108543
18432855
25067168
18014005
19064010
165972024
20958510
49468514
17179713
14749971
45192838
48357731
253491265
10196452
37759047
38843285
22168877
198581973
21776552
59503113
235891694
24741685
17568791
80473367
14427603
48733616
78626346
28260086
40320930
84279825
187521363
91416107
18086309
159827281
235718672
220426702
16434823
238911107
16157855
83820677
10870872
243343597
28751191
172838797
16127669
80669530
24928825
15503210
53223847
173802536
61151216
14897936
94989844
18594226
81871859
17160680
251009806
74769064
111352166
166489073
131137515
75712842
133929829
11805932
18713552
14740408
80580733
19505248
217078361
231407577
14513512
6176772
35002876
30086649
122928586
9510892
30944245
97534492
2614131
9378802
3655491
43035186
17094311
43694024
51964801
16067592
21303464
244529400
89663070
238169051
130273505
25849873
19541556
90776755
14609388
820694
74446328
17672825
75033178
14099695
65466158
24725418
18567018
48629134
16281428
14096763
21344248
242849343
257179019
20578408
34268058
19791234
98876504
21866939
245956466
243858678
22587869
222471144
25014406
33994488
43835707
19446041
18935802
137538421
246699466
76379893
15723281
44942611
103367962
155101520
562363
15876845
39434512
35787985
18843966
232581487
53193168
15474024
15699801
13842992
160241261
84014340
15254807
18217117
5426712
27156793
18919233
34382731
245696038
225722175
5697482
8098562
67746750
47105669
36731269
173678438
65788276
9201822
47101500
45510215
17373169
192547775
111001849
19530624
74175669
89667490
17904983
14216661
89441010
247212106
77790954
20733757
47348084
9692022
17258834
231520543
627893
187461322
18331782
52339151
20097381
84352985
240637956
44823213
33388399
60122066
91316071
21540725
18739458
69971262
28339843
44577798
42195649
39059828
260655847
255007571
24854064
34006192
14926475
197848744
26048553
54001505
11883132
1002351
53942940
75797367
112399639
17730295
16946047
38475547
252522224
249644051
101892555
45796503
9055752
201866098
225423130
22779417
6509832
18587171
25080738
29409786
39609732
16090877
229129507
26085021
236297113
128222457
252304755
29710653
45860457
250578905
193374969
73651314
115632774
5743162
237742285
75630518
137480382
18117362
50011708
250936534
14060262
12848262
770759
110579028
77731518
47379354
251913996
15617140
104771512
18064767
19662223
23934422
19360470
243948513
77212840
150397339
70906442
198848442
46991048
24876773
21802221
237171927
62605366
46584707
93637575
21881398
37867889
17801749
33265414
3249
257268321
18431625
242069380
63693027
247204191
243605569
181341385
244191468
88916337
232562228
111228756
119933418
14545151
49274975
14879732
39470235
41100077
255401686
20801977
25584105
5858532
33509142
200185878
21062787
22234861
130893745
109012646
246062507
15579178
199125370
36036569
36104673
134240162
184725734
49946953
49403072
74988965
18653935
79699691
37980098
17961246
167518667
11456652
27938809
128369287
15195837
15810854
19706851
149600834
22522178
16542687
25587474
52532503
19511514
254510335
234904269
14335880
18480751
61098953
17214347
132567722
10107122
56047798
125207364
175109934
190890578
250089059
15514266
