16181688
78281329
83465789
18641106
65787481
14440214
210824047
137490896
23746826
247196798
250614946
16683885
246206665
142692679
58221157
102766650
53828504
250841084
108349510
116014884
15096750
50771505
41617769
243343597
254196631
177966684
243180168
209317931
40094614
87264877
25957838
99719262
214060210
102231435
220175997
38560234
120126039
47107186
248142392
172289821
170231529
203703211
20420492
243327824
70205405
255164348
22371493
14392205
119010950
255815949
194546503
52788477
210206926
67629556
2168011
200151459
147208872
202499391
36819950
19396614
102904616
162260269
63669211
190174536
180396353
238987083
8370582
73938917
22060415
40868801
148046318
48355061
18529435
15136150
125353906
28099506
75090445
226036249
16665138
49094522
11456152
46157401
42287571
141624137
50645038
227934231
90314159
196562484
17787911
15728148
225713904
127178067
231587086
152051108
97958540
241035060
209164683
49197819
239731919
25886872
59282263
58219570
248914692
255835229
15058484
17179713
17480364
81804924
15991596
173179429
90462709
109264165
21661212
153896754
18536104
17631141
220222353
42957585
146069752
116019275
25399436
50524654
39712396
133799064
37764670
38843285
78344217
192477353
220864072
253963590
248339507
19135435
244342578
136705674
100969180
253087503
139332358
48827911
243844542
244937102
30257023
87768401
63635269
18503389
244257936
100499412
16132719
250338245
14690176
17019081
38821112
42125835
244635255
59048645
60900826
249788322
18577850
250241255
52188921
180435088
44338977
82472632
116888570
93406482
74993207
125911617
198581973
14052001
17313463
97666260
80621202
20155623
